(94.989975, 70.409996, 0.103242),
(102.720001, 52.850018, 0.103262),
(85.729996, 45.779999, 0.104207),
(94.989967, 144.380020, 0.103242),
(102.719986, 126.820015, 0.103262),
(85.729988, 119.750000, 0.104207),
(94.989967, 209.919998, 0.103242),
(102.719986, 192.550003, 0.103262),
(85.729988, 185.289993, 0.104207),
(106.119980, 324.080017, 0.103242),
(85.629936, 316.350067, 0.103262),
(75.710014, 333.339996, 0.104207),
(349.600006, 324.080078, 0.103242),
(332.039948, 316.350098, 0.103262),
(324.970001, 333.339966, 0.104207),
(168.869995, 53.030037, 0.103242),
(151.309952, 45.300076, 0.103262),
(144.240036, 62.289997, 0.104207),
(331.990021, 44.880039, 0.103242),
(321.760101, 62.440075, 0.103262),
(341.359985, 12.710039, 0.103262),
(348.429993, -4.479961, 0.104207),
(341.250031, 69.509956, 0.104207),
(331.990021, 118.930038, 0.103242),
(321.680115, 136.132156, 0.103262),
(341.250031, 143.559952, 0.104207),
(331.990021, 184.470032, 0.103242),
(323.410095, 202.030075, 0.103262),
(341.250031, 209.099960, 0.104207),
(143.119995, 4.830009, 0.103242),
(160.679993, 12.559999, 0.103262),
(167.750000, -4.429990, 0.104207),
(77.479996, 4.830000, 0.103242),
(95.040001, 12.560010, 0.103262),
(102.110001, -4.429990, 0.104207),
(323.799988, 4.980000, 0.103242),
